26.92103218  
-9.17924923  
8.72840615  
20.72612216  
5.807383478  
28.83629021  
-43.08563423  
46.96510937  
-4.027891834  
42.26051626  
11.77663139  
28.57922642  
76.16300383  
14.05953805  
-11.15770704  
3.330789665  
-45.37343668  
8.389870703  
-18.20795959  
46.34296387  
100.6826446  
-3.464998584  
-81.25934812  
-29.99030617  
-1.138750202  
-20.9972454  
-14.65898236  
14.23806194  
-22.56998963  
-7.213380211  
24.44233491  
28.9025413  
12.78799023  
-43.69145357  
-28.05046038  
-6.356042762  
-55.74965714  
-7.361586561  
30.72417609  
79.33910463  
-2.424809591  
-43.36071696  
19.35873231  
-52.35572941  
16.13833266  
-32.68822492  
0.9141467151  
52.36549089  
4.517391662  
36.46292144  
-42.96372237  
0.6945637041  
-13.08329761  
-19.21761797  
-42.95178938  
42.3477085  
8.638486821  
5.45018011  
0.8443655999  
22.97440271  
17.26445387  
38.66165288  
-0.7828441105  
17.6798506  
80.43846443  
-7.429273448  
57.62930253  
1.034457538  
0.1597359973  
48.10473274  
6.356499641  
-66.38807388  
-29.27032399  
14.46170628  
6.897910771  
-7.611748228  
5.353280171  
-0.8099722321  
-15.94583006  
-57.59421664  
-18.87861044  
24.63856888  
9.798299855  
32.06786547  
43.00576954  
-29.9462404  
-2.173754408  
18.69550096  
-4.372677692  
-32.62605744  
-6.640169691  
30.7652579  
1.945112364  
21.93570129  
107.708817  
9.633835799  
40.68332231  
35.15777485  
-26.02267526  
28.04539903  
45.62957185  
-7.17344536  
85.91799732  
34.4725899  
-3.05965145  
51.15442025  
-18.79207218  
51.69349531  
3.352730538  
31.46059134  
36.03829458  
-21.04282943  
-5.369340106  
27.6619551  
-51.84683581  
-26.21661675  
31.59742985  
-8.164340367  
29.35333211  
-72.4083098  
11.55057899  
23.01185037  
-22.58897613  
-5.828019681  
-14.03633438  
2.551639751  
2.645324793  
12.51857336  
38.32844177  
21.07369784  
28.37162067  
9.215551768  
-42.2827776  
17.28642285  
-24.18603052  
57.97744753  
52.91217554  
14.70712878  
-13.49583409  
-28.67015643  
-60.36324079  
-26.2499542  
9.527474885  
-22.67446806  
52.33694246  
-15.28703749  
-27.95715283  
56.87476941  
-8.640869097  
56.35719603  
10.5251265  
14.8937782  
-20.26276553  
3.862143368  
-2.690638257  
-56.23194195  
-4.153666924  
-18.67655308  
24.24775423  
-26.34749898  
28.02618261  
-51.63027367  
37.81737989  
-43.57935977  
-67.82294482  
40.56412865  
-38.08118198  
-26.44925934  
-13.14635589  
11.29547059  
10.83255171  
