18.51799426  
3.147455618  
12.01165508  
-170.1937745  
11.90011307  
15.85565366  
-13.22706723  
44.48286034  
-18.81373529  
2.622101265  
7.65036712  
42.99077562  
-13.91193429  
10.53095742  
-49.15665008  
-8.595134847  
-59.00487371  
3.179820132  
-16.1162235  
-6.31588332  
91.95521498  
-0.7016888473  
-10.9577195  
-8.444401428  
-40.09455449  
-9.474283364  
5.752054808  
-11.44584297  
20.78879158  
48.89984609  
38.44002343  
2.593961341  
42.86236544  
-14.35737033  
-14.90696952  
-24.43618734  
-12.63135396  
-36.10456365  
41.10261103  
32.63911314  
5.515152056  
-29.62054235  
39.66038903  
-9.285456215  
39.14538299  
-59.94985319  
0.2503142379  
18.21184681  
-83.82505897  
36.11205149  
15.78551379  
14.77078933  
34.7471443  
25.14988125  
2.429616261  
-11.11997721  
-26.18273418  
52.99587563  
-12.0312731  
-21.39088734  
23.21398155  
13.52072913  
-28.05446729  
12.67637679  
42.48379086  
-15.11593246  
33.17203961  
-3.455996702  
35.58454646  
-9.970320516  
0.4652086293  
4.252346157  
-14.58540153  
58.69169482  
10.39979382  
9.025693993  
-2.579743877  
-0.1396084675  
-38.22928722  
-21.3608999  
-52.15140804  
36.86296588  
50.20073907  
17.30404453  
30.08530794  
62.90358046  
4.935914337  
52.13627497  
-27.37586115  
-13.06794141  
87.75143172  
21.64689863  
-38.402961  
38.0459536  
94.31606785  
-15.53007392  
-43.4579355  
0.4385879839  
57.46461803  
30.39881598  
3.388176182  
-4.549610527  
48.63306092  
49.98621436  
-21.57752592  
-2.116005226  
5.660403801  
23.22827896  
-20.86955832  
-6.304298005  
-21.06074444  
47.08471935  
11.89323019  
13.08343706  
16.12172703  
36.53183349  
26.67014979  
39.70604113  
-26.16724273  
-10.49697876  
26.65898658  
-67.49087292  
4.195419808  
44.08249383  
17.3899179  
4.26015127  
33.39178254  
19.45037593  
-13.11483493  
31.96718242  
-10.6054545  
-9.936895488  
6.408201267  
8.049808546  
-18.92036096  
-5.715929927  
38.56363986  
10.14353693  
18.82451529  
-9.482131644  
1.327973438  
29.31927704  
35.7024796  
-11.47228835  
27.28597234  
-79.43468299  
0.572117413  
46.3644777  
-43.72019752  
88.60868504  
16.20180379  
34.52541479  
-13.45059181  
49.59371545  
-39.92492687  
-18.62813989  
11.11330492  
-30.0651152  
-11.12513976  
-22.60682912  
79.69758906  
7.009705858  
-13.49984985  
-3.391407057  
-31.75396177  
-13.90045547  
-9.547979257  
-16.58033102  
-0.4632200904  
-21.38799326  
10.31129979  
