-4.339632196  
7.884332328  
-17.91166154  
-42.48688836  
-33.25332957  
-15.94231144  
-32.31225637  
26.91456094  
-10.98138803  
-13.1024797  
-15.81615267  
11.31109371  
-4.656273439  
4.43544074  
-18.63183374  
2.464874325  
39.77086777  
-13.34319063  
-40.46783219  
-41.54493153  
-14.48964202  
-5.530683002  
-50.43949559  
-14.89801895  
-3.714875793  
-5.570188093  
-26.60003213  
-26.76770697  
-26.69713942  
-1.119205362  
-11.98920156  
-37.1365444  
-22.21205951  
-7.249329436  
-13.77672585  
-36.16315625  
-11.45378664  
15.40935183  
-12.11831635  
-2.200386744  
-9.965366985  
3.973089733  
0.8788129788  
-17.09788372  
-16.26738265  
-17.86561046  
3.35861522  
25.84454613  
21.18532691  
-3.64574799  
-9.474368182  
0.4514105365  
18.62108886  
-3.562289572  
-54.01175587  
-8.35912926  
-22.06182265  
-14.19976847  
-28.40269531  
24.0321957  
1.556606584  
11.87946781  
-15.39409425  
-5.979458294  
-34.76429522  
10.03691974  
3.16901999  
-18.42527974  
-13.95781782  
18.21995247  
-23.59271985  
-29.020682  
-37.94615151  
-25.709826  
-7.726510691  
6.39150774  
9.649600132  
-15.23058225  
-1.445484137  
-6.096454464  
-2.735753426  
-3.615476102  
10.10046828  
6.152002369  
11.7634909  
-16.23177804  
-4.703863802  
-19.46432247  
-1.886490297  
6.970404047  
8.901931029  
26.96515467  
-8.100501896  
5.412042128  
14.38087755  
-4.924630623  
-4.993410432  
0.4698438495  
11.96361341  
-20.22723498  
-1.172274902  
-3.191799419  
-11.54741903  
-14.66195928  
-16.07579892  
-7.850496042  
1.15665509  
8.797944543  
7.571588399  
-7.215538657  
6.312490121  
-14.8990694  
-19.23029008  
11.32422837  
15.87083444  
-28.55117199  
-5.185379745  
-5.888825468  
-8.477968649  
-18.77170769  
13.60700815  
-7.380044814  
3.655992405  
-7.340135227  
10.28249454  
13.03418919  
-6.184120764  
-18.63946273  
2.737524588  
18.57775266  
-22.54518992  
8.050659311  
30.58065961  
8.708144322  
-22.18408619  
-9.122237836  
1.354057342  
-14.44766392  
13.10417212  
18.7769061  
-23.98013515  
-28.37545927  
3.311708283  
-24.33652618  
-10.78594783  
6.143613185  
9.960016501  
-21.00286047  
38.21966518  
-2.538449561  
8.087573903  
11.01480356  
-16.39546623  
16.88868462  
-11.13393113  
-6.92249507  
11.73196253  
-39.52394995  
31.68808368  
2.862982999  
1.6834648  
-12.80724937  
-13.52122875  
-39.27748444  
-24.69114656  
-27.67502821  
20.82751466  
1.206092211  
27.47441272  
-5.953513496  
8.11924849  
7.514642367  
-2.357282555  
-37.26257778  
60.56489515  
-8.32202559  
22.27678826  
-25.69384396  
-1.91344301  
-65.31860829  
15.34992503  
-20.30363631  
2.854042893  
-9.793458678  
-21.4006183  
-16.27667985  
13.25167339  
-20.47483855  
-3.587712426  
-8.347548985  
-9.337195038  
-8.458825135  
2.206627254  
5.796307602  
-7.440958694  
-0.4784677592  
-2.520455222  
-8.183385914  
5.682976594  
-14.068375  
