-6.535102976  
1.148887193  
-6.297041743  
-13.63571858  
-21.39069627  
-27.6538546  
-33.66833237  
15.26808239  
-4.669079863  
-7.628828851  
-16.30017891  
10.12926645  
-27.05203513  
0.01265830456  
-16.22099581  
-12.72158035  
13.66141893  
-16.67196738  
29.61377454  
-20.39058419  
-20.96177358  
-7.970659571  
-22.84907319  
-0.2110665816  
48.18346612  
-10.91114771  
-17.32763736  
-33.05177329  
-18.68148383  
-11.8844643  
-26.74729496  
-36.30637275  
-10.080649  
2.990258827  
21.03180885  
-40.35917048  
15.03690198  
-0.6660339953  
3.763460677  
-7.832859086  
-8.353462295  
-19.28831514  
-2.001908363  
2.350076227  
-19.81761925  
14.45606446  
-32.1487693  
19.04315971  
49.88657804  
-1.815459735  
1.149058425  
-6.818612504  
29.7326704  
32.77834617  
-55.14435596  
-31.36909157  
6.714385714  
-49.45498695  
-37.1918572  
14.07075687  
-1.657494035  
26.76667596  
-36.33630663  
11.37698368  
-41.33176359  
5.042303614  
-22.06401577  
0.7846959392  
1.349929308  
1.541003187  
24.67990577  
-33.80686651  
-33.89924645  
-21.71777519  
-4.269453693  
-34.4905753  
-30.88511019  
-23.51342533  
-5.699122697  
-13.75923411  
7.905870521  
-4.416575305  
-16.28167214  
-10.12339986  
-2.256423671  
-20.9174487  
-18.37069699  
15.88224621  
20.47649792  
-3.357446248  
-5.255453314  
5.188140726  
17.24679221  
-24.79094667  
22.33428544  
-9.624592049  
11.87038327  
-3.470886023  
32.78296183  
4.452934155  
0.2113917655  
3.377911379  
11.58132007  
-14.09371657  
4.136829723  
0.02281005752  
-6.932666594  
-18.60469372  
-17.97335248  
5.208040402  
8.348900226  
-10.0191127  
-10.51590543  
-43.36634458  
22.72688556  
24.56861078  
-2.696261079  
-6.914845931  
-5.890844062  
-21.06398811  
19.88139726  
-1.181956866  
-0.2546264761  
-20.63413535  
-16.15016668  
-4.808711188  
-4.83467109  
-5.439979351  
-7.297007815  
20.61302047  
-4.85447278  
-13.93369856  
18.35675578  
3.419001085  
2.875501036  
-9.690217659  
-5.887476912  
-27.01131331  
-10.23232736  
38.37052814  
-2.867346222  
-25.17403112  
11.38761521  
-17.02959633  
20.75317131  
-17.16011097  
3.098357889  
-17.70664344  
26.74938144  
-0.6161361692  
0.5011946892  
19.91662447  
-24.00794318  
4.941383908  
-1.976785366  
3.266832469  
2.132379857  
-14.89714735  
12.62891567  
0.8994989154  
15.25075905  
9.149901587  
23.6483451  
-49.34602341  
-8.488835718  
-32.33021535  
27.66806369  
20.5877102  
17.90592567  
9.653185537  
-13.1019598  
17.46237307  
-27.00580446  
-30.19723882  
15.72396987  
-16.51328334  
-39.60696614  
-17.57095653  
-5.537316622  
-24.39755087  
-20.98351353  
-32.84591434  
3.606029275  
-5.453577388  
-15.19985658  
-21.66363099  
-4.003659235  
-20.61735271  
-3.944511804  
-0.3809662232  
-5.346228069  
-16.61842963  
15.63851754  
-34.92828017  
-2.003832919  
-26.49816031  
-2.247009146  
-2.814788371  
0.3872584491  
-29.2322649  
