4.598260167  
-16.52661744  
27.25927852  
-30.6911105  
-4.474744052  
-8.92152785  
-11.25367482  
-14.42517275  
20.73151462  
16.59379714  
4.064337149  
21.21878639  
-2.435267513  
-31.0384527  
11.66619911  
-19.18546348  
-5.85016475  
6.785842183  
2.429249863  
-9.090210031  
17.56990613  
14.62827606  
14.34022039  
-22.41222998  
49.86059654  
8.850319147  
9.627264385  
-20.45034274  
-8.085682272  
15.78004975  
-0.5781918231  
-2.022938397  
37.14999181  
-17.63893422  
-5.538750044  
-6.166066248  
-9.090008678  
-8.384632511  
-13.02118328  
11.55135863  
11.20036366  
23.91887092  
23.10154726  
10.49220026  
13.97780654  
-7.698933111  
-20.78851649  
15.10914827  
18.49039766  
2.559419666  
17.72002285  
-7.092604816  
31.82377646  
32.65283157  
-32.00835286  
-30.84409447  
-1.299789308  
-51.0951091  
-8.933522681  
12.92557408  
0.8128342488  
43.77013545  
8.861319175  
18.61669756  
-3.877361987  
14.94564013  
10.72281878  
11.44353201  
9.787473867  
11.2577004  
5.827113487  
-2.448859001  
-5.305301612  
-5.261238559  
19.25403988  
25.3397408  
-4.991673817  
-0.8514002377  
21.40736624  
14.09373668  
40.7054877  
4.653968087  
2.109073204  
15.03625344  
19.13127356  
-25.03879708  
-34.97972762  
20.33052438  
19.06769669  
17.70675943  
3.036308753  
32.33556116  
23.32633253  
0.1393534265  
10.83395658  
12.87971259  
7.594786363  
6.109619596  
6.135883061  
-0.4852919132  
-3.261626637  
5.105737138  
8.200921868  
8.349124983  
-7.453605427  
3.883099719  
7.062984884  
6.870678623  
-19.61498447  
2.431760294  
12.55467041  
6.359872861  
-26.61797699  
0.03851895516  
15.37600561  
-12.04711431  
15.87063129  
-2.246703355  
2.415174155  
15.16310937  
23.13104769  
28.12797259  
10.0320598  
-9.092562847  
17.07805859  
15.04309346  
-4.532515485  
7.733496753  
22.92980143  
26.26714557  
-2.885864755  
12.94287358  
-11.47461871  
-3.699509823  
-1.487767702  
-4.136527013  
2.287428219  
7.991719632  
-11.04116457  
4.977131006  
-0.1829646181  
-10.66075435  
14.27109265  
-6.517347721  
47.51421574  
-13.61864298  
7.39537316  
18.16496795  
48.58081651  
29.89364966  
40.52666568  
27.78598782  
-14.02880042  
10.59084892  
0.9721401671  
2.397434629  
6.970456537  
-47.47191592  
26.51961186  
20.78675365  
14.71222228  
21.46714568  
-1.799252843  
6.282291353  
-1.888729373  
-17.77148907  
37.65038955  
19.05137762  
-7.429597966  
13.79840258  
-8.394461652  
1.901280654  
-32.05114858  
-23.21686375  
0.5192316625  
-4.01515794  
-10.92537449  
-15.10599353  
-6.955796558  
18.92306431  
13.03366979  
-2.768183981  
-11.53230637  
8.383170702  
2.594216551  
0.4656348793  
3.286598686  
28.5407523  
41.6320172  
23.93480654  
9.289373621  
12.59760177  
21.21370848  
-22.00370397  
-9.066489287  
-9.855912598  
15.45714938  
8.092717573  
24.04945756  
-13.04433112  
