-5.296422032  
-5.82907951  
2.311755834  
-21.13307553  
-15.38590314  
-20.7924735  
-7.912561785  
31.05407924  
16.01835451  
2.368418857  
-14.85212649  
22.27554092  
-4.876337413  
4.181923051  
9.771774688  
-14.45415472  
-2.546343913  
-13.13265745  
-45.91712085  
-10.50621043  
2.641820026  
14.96000042  
3.52272298  
-7.877633653  
15.58083526  
18.85319719  
-7.541266269  
8.802419718  
2.460177419  
6.869746682  
-5.859778673  
-22.00231747  
5.359371658  
-22.87478653  
8.017830122  
-9.100652067  
-11.77006036  
27.56023898  
2.182850177  
-1.512393019  
15.41555767  
0.8900649754  
14.04004662  
7.257494975  
5.897398536  
4.583192468  
-26.53100002  
17.96392957  
44.4444616  
42.01327402  
-6.068116982  
-9.493948578  
13.44103412  
-2.658238769  
-30.95565854  
-34.37286732  
-8.117029172  
-4.852476251  
-31.59560741  
7.855686144  
-4.221571932  
14.95809534  
-6.218846012  
15.21043371  
-23.9749704  
21.19366446  
5.733012197  
-15.24260204  
-0.04542574224  
-4.252218893  
13.35847599  
-26.29075108  
-16.92843706  
-12.84936267  
31.96075902  
20.65790383  
-7.415176101  
0.4763432553  
11.89058358  
-3.762083145  
1.709250996  
-12.64198231  
-3.246014115  
12.58841862  
25.11530831  
-34.89374336  
-0.5224731371  
5.620016298  
-11.06828777  
24.0378239  
2.061216205  
33.26658342  
0.4492132236  
11.01099355  
21.87573125  
-17.52445857  
24.48515298  
14.25062199  
17.74117599  
-19.72217566  
7.738571656  
15.47719197  
-7.764193232  
3.194202203  
0.6705670931  
-7.989068273  
-7.525166747  
23.99509339  
-7.580916051  
5.06426424  
3.497479839  
-5.330114066  
-20.0880867  
18.43760421  
21.34255707  
8.595236194  
8.060808526  
3.290306634  
5.343468363  
5.704397542  
32.59164695  
5.004679928  
-4.397731897  
-4.215379899  
20.51634565  
16.70395682  
9.177221151  
-8.761357532  
-8.857228585  
20.80703428  
-1.976283238  
7.331937409  
11.79765076  
-5.022621154  
9.243035847  
-0.2785080075  
8.227145389  
7.940296454  
-2.382908296  
13.02429706  
-13.48886131  
-3.066341222  
14.08580441  
-14.98955251  
10.27287689  
-11.67590142  
39.70746327  
-19.58128236  
65.31694665  
27.11876281  
7.769153783  
21.79350059  
-19.66905584  
25.16961943  
1.101362075  
-0.7084387994  
15.32784344  
-5.756992476  
15.67068779  
-0.9474100867  
3.045597232  
9.40307778  
-17.16250866  
-15.30089504  
3.865680954  
-26.9523337  
26.89346629  
10.001758  
19.18943709  
1.473969888  
6.158047195  
32.00808441  
0.1237189897  
-21.02036187  
31.6961054  
-6.06633299  
32.85045868  
-2.252518957  
0.9417976154  
-39.9751554  
9.916152265  
-14.3280477  
-4.955807035  
-4.634738906  
-26.22019183  
-15.9247123  
9.92906973  
-7.88565409  
17.07803748  
17.61570495  
5.966722996  
-10.76797161  
35.07705896  
-18.68770617  
11.90183129  
16.78596619  
-20.44493893  
-3.464278037  
6.024608795  
-19.01754168  
