24.05260383  
40.08462569  
20.05481136  
-39.09427105  
6.89909323  
-11.16188554  
7.730245725  
-37.23405051  
-2.287313797  
23.55180475  
10.48402551  
13.79658253  
-5.911026984  
7.377277967  
0.008039552834  
-27.64265321  
10.46399478  
9.016438723  
8.17060458  
41.03258182  
-4.281246909  
-10.17409927  
2.747078577  
-1.08051606  
26.12156613  
7.938909441  
-10.92002032  
14.1891307  
-14.70298553  
-1.390320663  
-9.88840768  
-25.41285779  
-1.400927495  
-21.76609132  
15.0133669  
-1.329931942  
-5.625591254  
-7.34054065  
14.94367842  
-1.995865218  
7.801856868  
-19.06541709  
1.595663451  
29.56585022  
-6.964367345  
1.936286695  
-9.554979185  
27.69008476  
28.25018586  
-3.628488855  
-4.382017565  
-13.87828325  
34.64368689  
17.79744725  
-38.56512049  
-5.660334915  
6.401128531  
-25.4226318  
-22.54150813  
-5.144875933  
5.029159141  
28.30299806  
14.87346906  
13.0378249  
-28.94040748  
11.38596679  
-7.746605908  
22.23283818  
-13.26023724  
-0.9043271223  
-1.683994323  
-24.32270307  
-11.13381652  
-25.4799725  
12.10233907  
-9.20438713  
0.3889633009  
-22.942674  
29.98602756  
-8.423323657  
-0.4919767833  
-23.91988467  
-15.65463863  
8.769923128  
8.403901694  
-16.06231789  
-5.369031889  
6.621886772  
2.72384965  
22.90360776  
2.00593033  
19.3807487  
36.53012125  
-24.43453772  
14.90387112  
14.40348035  
4.969726138  
7.999227002  
14.85352316  
-15.51090743  
17.7115054  
-20.54032172  
12.99551823  
-9.493885631  
-2.973723251  
-6.447055924  
-9.432501201  
-7.061903888  
-0.6694430412  
18.01780933  
0.9650271546  
11.55154649  
-12.88669059  
-42.09018889  
6.52775141  
22.24594918  
5.008107739  
-0.203114508  
8.189783949  
-0.3909329921  
20.77346833  
-9.555336772  
1.531135437  
8.705433824  
-1.924589487  
0.5634979152  
-22.89109624  
6.572862812  
17.15527899  
21.68209679  
8.299242314  
-2.604423904  
-14.95328152  
8.437064166  
-2.665790816  
20.48146251  
-10.79725448  
-8.583449931  
18.19374888  
18.6511893  
-22.78396119  
-10.36108654  
8.041859079  
-7.40820938  
47.65570654  
-2.223759784  
40.86610724  
17.03768126  
24.0935896  
10.42446515  
-12.97002272  
18.56949775  
-15.30145855  
3.574113883  
-13.81058141  
4.159405917  
15.71234968  
-7.992859697  
26.93723361  
14.01711521  
9.745001042  
2.719765865  
29.23680696  
-42.41332547  
-13.60497946  
-22.99068873  
37.76009137  
20.21305287  
12.21824327  
21.83689073  
-12.37705828  
17.32452252  
-19.24865466  
4.77849032  
-16.54627622  
-21.60607943  
-14.56351213  
-48.68910327  
-8.004621933  
-4.979776993  
15.4179229  
-3.057135599  
-21.44238545  
14.62361359  
-11.7414748  
0.5843297087  
13.92251745  
8.785448574  
-5.835475621  
18.50831067  
-4.09445241  
-9.087425261  
19.04451511  
-2.551533038  
-18.12166773  
-1.396204212  
6.250691707  
12.66340182  
11.33080225  
-25.20276112  
