56.27823637  
-1.227177643  
52.17702304  
-13.60678245  
45.41107076  
-2.877484079  
94.94177004  
-33.74252283  
56.63058955  
77.58729012  
65.65018474  
35.28017806  
36.76347422  
-8.070458097  
71.66678126  
-29.14683325  
-42.1165408  
27.96783977  
-48.88641399  
128.7477696  
62.38674818  
36.88005393  
87.87175643  
6.629519491  
-7.613310831  
35.93023602  
40.91919669  
110.9588949  
36.18923512  
56.99754585  
31.86928028  
65.1921286  
90.97145518  
-46.67833936  
8.670611156  
94.898131  
3.073050751  
25.04661976  
-6.889480421  
28.90444042  
67.80146504  
47.15852787  
39.12914137  
59.43349862  
25.49104448  
7.574349579  
0.05059024603  
12.63632527  
-5.96429448  
49.32642289  
32.73431804  
-20.88199701  
-13.97599505  
7.630780248  
72.868937  
-9.167681962  
2.411317527  
-2.098571037  
17.23577242  
-17.6429518  
-11.42404493  
10.79029104  
68.89748814  
32.65806029  
26.39941271  
33.45774671  
53.0580705  
36.24220013  
3.275127795  
-5.812112504  
33.75539223  
-3.676324579  
74.10463147  
12.20602333  
73.301825  
62.90780925  
24.97789805  
38.47556873  
64.14158583  
-5.23582608  
17.38847507  
-20.22905006  
5.425132557  
43.56129783  
35.40122049  
12.57381164  
6.406667461  
39.13810623  
-4.829187389  
36.89244915  
5.856363703  
41.41452139  
30.09293186  
13.51300561  
-2.639498103  
42.77318711  
15.22816208  
27.28757294  
-14.132115  
-17.96874981  
30.25189641  
-7.493482998  
21.82961458  
47.97095872  
7.011969374  
12.91417558  
-3.956245734  
27.65692407  
17.46199284  
42.12153947  
-5.863718053  
27.24048372  
13.07112813  
16.1618122  
-5.940537638  
-4.663551966  
39.29179728  
14.6534567  
24.25276543  
39.95889498  
24.6587438  
59.58348705  
-1.478302462  
48.9790202  
32.59032663  
32.22877303  
-3.824517067  
29.21014624  
36.73044658  
28.38983096  
41.21952063  
21.88772003  
-61.20539923  
-1.528031773  
34.3901601  
31.41498609  
8.269427782  
55.43792012  
30.01839734  
-20.01139239  
-1.974720077  
61.06301023  
20.72447912  
-4.202486391  
70.12398793  
2.638282684  
64.47075511  
84.09310036  
27.36088885  
59.19452187  
-8.326242301  
24.80563565  
8.610575142  
21.18264274  
2.30712217  
8.369163143  
17.13858454  
37.94568095  
32.85979368  
29.57321709  
-11.96473051  
29.13772693  
-15.81895278  
67.29735735  
32.04958498  
30.50282983  
26.23393785  
0.4452801915  
-8.747916333  
41.73794895  
0.4281595911  
18.01058186  
-14.25851697  
79.56507378  
-75.35047063  
-4.051565884  
10.56526024  
-0.9371529962  
-14.37300483  
40.67381339  
47.02238059  
56.74984027  
-18.40835437  
41.48874144  
21.02915783  
46.00924475  
19.98617798  
63.34166744  
52.43348043  
90.79933545  
35.44148423  
14.97885836  
24.92344834  
15.51216329  
4.436185582  
55.82188573  
10.69445712  
35.25299687  
32.70992995  
5.926764679  
