-12.16519274  
9.922886582  
15.08673778  
-34.33427614  
-15.74900218  
-7.924065127  
-35.7674372  
-29.04526441  
-12.4092044  
-12.61678036  
-16.40728318  
-15.36152848  
-17.59332263  
-15.85689273  
-14.07372711  
-25.40041969  
-25.65812084  
2.772317601  
56.8969123  
-33.25690074  
-13.07223951  
-15.12114081  
-13.11488733  
-25.75581137  
40.18170614  
11.90894566  
5.244185257  
-56.14411002  
-15.51485483  
-8.213028769  
-19.35025367  
-41.51560694  
-12.86439026  
-11.34240243  
8.985086298  
-31.98561882  
-33.14182618  
-8.316724112  
6.467456  
-16.18770692  
-19.32321149  
-12.38152192  
-3.181604507  
-3.645704531  
24.74957107  
-3.363104787  
-26.23852196  
8.073236086  
26.07743495  
-2.832896389  
-15.67302938  
-2.635580694  
45.53073323  
10.94520402  
-65.24195693  
-23.58517007  
6.238728409  
-26.07306065  
-18.23296031  
0.08092056747  
8.858639161  
34.425013  
0.3488546859  
9.135043874  
-8.460091425  
-2.756486165  
-25.8629709  
-4.19664883  
2.65063296  
-6.650130433  
-12.00920356  
13.44155944  
-36.23864297  
-6.496774966  
-1.449366067  
1.212446994  
-15.76027474  
-21.55958609  
7.825486667  
27.72423567  
18.02995795  
-0.3438463165  
-11.86301514  
-5.994346841  
6.944414386  
-50.77757221  
-18.35693194  
-2.983602901  
-2.058005568  
23.72725281  
-0.7784894249  
12.18459681  
19.58568673  
-7.50177935  
13.80714013  
-22.84289966  
17.22705468  
2.247772283  
8.116122235  
-15.34640632  
-9.232093922  
7.277915138  
-10.30978189  
-13.62167098  
-4.907817664  
-14.0364828  
1.224897384  
6.834593554  
-31.93803956  
-8.311363142  
11.6240538  
10.5669789  
-43.19412522  
-7.733761862  
13.84786251  
27.44018445  
0.3005857049  
-0.6805966266  
8.495192917  
14.25556349  
17.92167639  
-26.6472  
4.66808022  
-27.53302382  
15.83515989  
-7.421761683  
-6.401156048  
4.041988572  
-2.546061011  
1.215702062  
-12.75669805  
1.462141136  
-3.335502462  
-4.284745699  
-13.63992558  
2.177085785  
-11.93657443  
7.157374129  
-27.63667455  
-0.4834244204  
-10.23916521  
-37.0312234  
11.22920973  
16.65349929  
23.812599  
-17.71471889  
10.43981382  
-27.95277157  
45.66141736  
13.79668366  
34.50880231  
12.39787224  
-22.6144947  
-4.13747279  
-1.183301826  
0.1897231532  
8.739249196  
-44.49413631  
-3.902264386  
5.790424402  
14.92229022  
5.676098738  
15.96688169  
-34.10647024  
-5.307573469  
-31.87363424  
27.57443126  
27.02710586  
-9.79625159  
-6.868432023  
-8.511792255  
10.42575657  
-7.554480188  
-51.56399224  
14.73066617  
-2.800695343  
14.12648989  
-21.84566265  
9.084940286  
23.01047777  
-4.820086161  
-25.0210048  
-25.98221674  
-5.694729618  
-16.0992431  
-22.94368164  
-3.45557854  
4.867562139  
5.155994222  
-23.25274244  
-9.522215938  
0.1451667384  
33.09647793  
-29.62313401  
-10.47924737  
-23.31140833  
-3.089351993  
-6.736709476  
1.390996446  
-15.6874261  
