9462.047527  
9413.035463  
9396.217277  
9392.650132  
9408.188471  
9417.95245  
9411.51859  
9399.107263  
9379.214417  
9394.229815  
9409.280834  
9407.957094  
9405.034702  
9400.159026  
9405.43767  
9406.205945  
9419.301802  
9419.745069  
9417.288622  
9400.027259  
9393.144715  
9399.258336  
9409.742941  
9421.009763  
9431.682244  
9416.738627  
9383.653751  
9391.232241  
9379.108965  
9396.179495  
9392.049415  
9397.236537  
9394.403064  
9397.8917  
9388.808015  
9378.466924  
9366.849454  
9384.430051  
9388.643549  
9399.197374  
9402.738635  
9417.419148  
9412.471848  
9413.352337  
9403.144241  
9397.450657  
9398.729901  
9400.306353  
9403.231551  
9427.954619  
9439.531301  
9442.874102  
9439.439266  
9417.156223  
9396.523771  
9391.593538  
9399.712955  
9399.897523  
9408.764692  
9404.474886  
9397.922357  
9384.414778  
9387.447981  
9384.399914  
9388.350298  
9401.02513  
9403.627145  
9382.0251  
9375.992555  
9381.662783  
9386.460282  
9395.118601  
9412.266397  
9419.982438  
9390.678887  
9370.959631  
9361.098747  
9364.35033  
9375.88482  
9406.440878  
9422.832617  
9419.500565  
9415.878279  
9387.780597  
9396.864951  
9419.417354  
9417.322658  
9395.616947  
9371.057083  
9363.554891  
9368.221729  
9383.597872  
9387.206676  
9375.009143  
9355.725425  
9346.742197  
9355.513221  
9363.329158  
9365.402077  
9387.40512  
9406.720721  
9408.76559  
9409.980104  
9401.703879  
9399.207809  
9398.566972  
9412.568396  
9394.367906  
9384.276748  
9367.188558  
9371.238674  
9369.138741  
9379.305184  
9380.362644  
9374.765547  
9363.893955  
9373.607602  
9397.338108  
9416.161912  
9427.372575  
9418.111241  
9408.041714  
9396.529227  
9387.796437  
9379.599428  
9395.383084  
9400.236485  
9418.473514  
9400.780495  
9430.491979  
9661.609592  
9481.818396  
9462.058376  
9483.730593  
9480.940089  
9448.515194  
9431.642818  
9429.089725  
9456.407142  
9474.784352  
9459.01246  
9438.246248  
9421.423818  
9433.754497  
9444.690119  
9464.934009  
9458.366752  
9445.224446  
9439.20675  
9437.27262  
9442.163763  
9454.460486  
9465.363913  
9452.532115  
9457.029298  
9459.489927  
9480.23787  
9489.760762  
9495.00234  
9501.979741  
9486.052667  
9462.260196  
9455.038176  
9457.578879  
9464.035132  
9470.867925  
9475.738291  
9453.92448  
9437.439178  
9437.181158  
9443.470939  
9471.487137  
9477.63418  
9480.350439  
9464.753517  
9443.256836  
9436.740918  
9453.757312  
9467.846337  
9475.147192  
9458.683402  
9444.390797  
9441.127511  
9447.424524  
9453.947384  
9461.513818  
9472.440924  
9463.708726  
9470.657528  
9464.675161  
9471.122354  
9451.970515  
9447.464065  
9441.416138  
9450.594927  
9454.3689  
9462.578913  
9449.25938  
9444.033218  
9435.30536  
9440.558589  
9455.447463  
9456.370323  
9449.390109  
9417.69788  
9407.047244  
9408.662054  
9436.222809  
9463.7765  
9448.837057  
9441.375727  
9406.568494  
9393.095104  
9397.451231  
9425.011971  
9441.062238  
9458.918196  
9491.336203  
9475.37237  
9420.925627  
9378.579444  
9374.970557  
9382.48392  
9401.056695  
9431.624043  
9431.985284  
9417.132905  
9400.255926  
9401.617577  
9407.44684  
9430.579983  
9448.362013  
9459.237727  
9445.954688  
9425.248019  
9411.107407  
9410.716964  
9440.273992  
9470.347308  
9480.863556  
9475.868962  
9461.985145  
9445.241836  
9425.775559  
9424.36202  
9446.36244  
9451.878137  
9456.036363  
9454.065623  
9455.279752  
9447.061509  
9453.586584  
9446.393246  
9435.343302  
9426.344045  
